10002944	10011122
10002944	10011123
10002950	10003741
10002950	10003712
10002950	10003624
10002950	10003714
10002950	10003648
10002950	10003705
10002951	10002952
10002951	10003227
10002951	10003317
10002951	10003260
10002951	10003152
10002952	10003212
10002952	10002971
10002952	10003400
10002952	10002953
10002952	10003219
10002952	10003190
10002952	10003197
10002953	10010146
10002953	10002955
10002953	10010820
10002953	10002959
10002953	10010819
10002971	10003450
10002971	10003451
10002978	10003001
10002978	10002991
10002978	10003014
10002978	10003006
10002978	10003018
10002978	10003029
10002978	10002986
10002978	10002997
10002978	10002979
10002978	10003022
10002979	10002980
10002979	10002981
10002979	10002982
10002979	10002983
10002979	10002984
10002979	10002985
10002981	10011602
10002981	10011745
10002982	10011598
10002982	10011600
10002986	10002990
10002986	10002987
10002986	10002988
10002986	10002989
10002991	10002992
10002991	10002993
10002991	10002994
10002991	10002995
10002991	10002996
10002991	10010839
10002992	10003479
10002992	10011618
10002992	10011619
10002997	10002998
10002997	10002999
10002997	10003000
10003000	10011611
10003000	10011612
10003001	10003002
10003001	10003003
10003001	10003599
10003001	10010777
10003001	10011746
10003006	10003013
10003006	10003007
10003006	10011610
10003006	10011634
10003006	10011747
10003006	10011617
10003006	10011608
10003006	10003011
10003007	10003008
10003007	10003009
10003007	10003010
10003014	10003015
10003014	10003016
10003014	10003017
10003014	10011610
10003014	10011617
10003018	10003019
10003018	10011607
10003018	10003020
10003018	10003021
10003022	10003023
10003022	10003465
10003022	10003026
10003022	10003027
10003022	10003028
10003029	10011703
10003029	10003031
10003029	10011150
10003029	10003032
10003033	10003034
10003033	10003079
10003033	10003068
10003033	10003058
10003033	10003039
10003033	10003106
10003033	10003083
10003033	10003099
10003034	10003035
10003034	10003038
10003035	10003036
10003035	10003037
10003039	10003045
10003039	10003056
10003039	10003048
10003039	10003049
10003039	10011655
10003039	10003050
10003039	10003040
10003039	10003051
10003039	10003041
10003039	10003053
10003039	10003044
10003041	10003042
10003041	10003043
10003045	10003046
10003045	10003047
10003051	10003052
10003053	10003054
10003053	10003055
10003058	10003059
10003058	10003062
10003058	10003063
10003058	10003064
10003058	10003065
10003058	10003066
10003059	10003060
10003059	10003061
10003062	10011659
10003064	10011660
10003064	10011657
10003065	10011642
10003066	10003067
10003068	10003078
10003068	10003069
10003068	10003073
10003069	10003070
10003069	10003071
10003069	10003072
10003073	10003074
10003073	10003075
10003073	10003076
10003073	10003077
10003079	10011672
10003079	10011704
10003079	10003080
10003079	10003081
10003079	10003082
10003083	10003014
10003083	10011739
10003083	10003090
10003083	10003094
10003083	10003084
10003083	10003095
10003083	10003097
10003083	10003098
10003084	10003089
10003084	10003085
10003084	10003086
10003084	10003087
10003084	10003088
10003090	10011643
10003090	10003091
10003090	10003092
10003090	10003093
10003095	10010752
10003099	10003100
10003099	10003101
10003099	10003102
10003099	10003103
10003099	10003037
10003099	10003104
10003099	10003105
10003106	10003111
10003106	10003112
10003106	10010582
10003106	10003113
10003106	10003114
10003106	10003107
10003106	10003108
10003106	10003119
10003106	10003109
10003106	10011705
10003106	10010924
10003106	10003110
10003112	10003238
10003114	10003115
10003114	10003116
10003114	10011730
10003114	10003118
10003119	10011661
10003119	10011662
10003120	10003123
10003120	10003145
10003120	10003138
10003120	10011738
10003120	10003130
10003120	10003121
10003121	10003122
10003121	10003124
10003121	10003125
10003121	10003126
10003121	10003128
10003121	10003129
10003121	10011748
10003122	10003332
10003122	10003334
10003122	10011750
10003122	10010854
10003122	10010855
10003122	10010856
10003122	10011749
10003123	10011760
10003123	10010860
10003123	10011758
10003123	10011759
10003124	10003254
10003124	10010870
10003124	10011751
10003124	10010862
10003124	10010865
10003124	10010866
10003124	10010868
10003124	10010392
10003125	10010591
10003125	10010872
10003125	10011752
10003125	10010597
10003125	10010873
10003125	10011666
10003125	10010391
10003128	10011753
10003128	10011754
10003128	10011755
10003128	10010869
10003129	10010885
10003129	10011756
10003129	10011757
10003130	10003233
10003130	10003134
10003130	10011762
10003130	10011764
10003130	10003131
10003131	10003376
10003131	10003234
10003131	10003235
10003131	10011761
10003131	10003269
10003131	10003579
10003131	10010910
10003131	10003270
10003131	10003292
10003131	10003570
10003134	10011763
10003134	10003293
10003138	10003139
10003138	10011767
10003138	10003140
10003138	10003141
10003138	10003142
10003139	10010904
10003139	10010905
10003139	10010906
10003141	10010895
10003141	10010896
10003141	10010897
10003141	10010898
10003141	10010899
10003141	10010900
10003141	10010901
10003141	10010902
10003141	10010903
10003145	10011770
10003145	10003146
10003145	10003147
10003145	10011768
10003145	10011769
10003145	10003151
10003146	10010890
10003146	10010891
10003146	10010892
10003146	10010893
10003146	10010894
10003146	10010889
10003147	10010364
10003147	10010365
10003147	10010887
10003147	10010923
10003151	10011771
10003152	10003166
10003152	10003520
10003152	10003517
10003152	10003161
10003152	10003153
10003153	10003155
10003153	10003156
10003153	10003157
10003153	10003158
10003153	10003159
10003153	10003160
10003158	10003452
10003158	10003453
10003161	10003434
10003161	10003162
10003161	10003163
10003161	10003164
10003161	10003165
10003162	10003411
10003162	10003412
10003162	10003413
10003162	10003414
10003163	10003415
10003163	10003416
10003163	10003417
10003163	10003418
10003164	10003420
10003164	10003421
10003164	10003419
10003165	10003422
10003165	10003423
10003165	10003424
10003166	10003167
10003166	10003168
10003166	10003516
10003166	10003171
10003166	10003172
10003190	10003201
10003190	10003205
10003190	10010840
10003190	10003206
10003190	10010841
10003190	10010842
10003190	10010832
10003190	10003191
10003190	10003192
10003190	10003193
10003190	10003194
10003190	10003195
10003192	10003210
10003192	10003398
10003192	10003425
10003192	10003426
10003193	10003427
10003193	10003428
10003193	10003429
10003195	10010836
10003195	10010837
10003195	10010838
10003197	10010822
10003197	10010824
10003197	10010825
10003197	10010826
10003212	10003213
10003212	10003224
10003212	10003214
10003212	10003216
10003219	10003221
10003219	10003222
10003219	10003223
10003219	10003399
10003219	10003215
10003219	10003217
10003219	10003218
10003219	10003183
10003219	10003242
10003227	10003233
10003227	10003245
10003227	10003246
10003227	10003236
10003227	10003447
10003227	10003228
10003227	10010926
10003227	10003392
10003227	10003251
10003227	10003351
10003227	10003241
10003228	10003232
10003228	10003442
10003228	10003229
10003228	10010925
10003228	10003230
10003233	10003288
10003233	10003597
10003233	10003301
10003233	10011765
10003233	10003449
10003233	10011766
10003233	10010922
10003233	10010519
10003236	10003101
10003236	10003237
10003236	10003238
10003236	10003239
10003236	10011559
10003241	10003243
10003241	10003244
10003241	10010843
10003241	10003242
10003247	10003248
10003247	10003249
10003247	10003250
10003251	10003255
10003251	10003256
10003251	10003258
10003251	10003253
10003260	10003277
10003260	10003300
10003260	10003304
10003260	10003309
10003260	10003282
10003260	10003261
10003260	10003272
10003261	10003376
10003261	10003267
10003261	10003269
10003261	10003270
10003261	10003271
10003261	10003263
10003263	10003265
10003263	10003266
10003263	10003262
10003263	10003264
10003272	10003276
10003272	10003273
10003272	10003274
10003272	10003275
10003277	10003278
10003277	10003279
10003277	10003280
10003277	10003281
10003279	10010846
10003279	10010847
10003279	10010848
10003282	10003292
10003282	10003296
10003282	10003550
10003282	10003286
10003286	10003287
10003286	10003288
10003286	10003289
10003286	10003290
10003286	10003291
10003296	10003298
10003296	10003299
10003296	10003449
10003296	10003297
10003300	10003301
10003300	10003302
10003300	10003303
10003304	10003305
10003304	10003306
10003304	10003307
10003304	10003308
10003304	10010849
10003309	10003315
10003309	10010512
10003315	10003314
10003315	10003316
10003317	10003331
10003317	10003365
10003317	10003325
10003317	10003347
10003317	10003359
10003317	10003338
10003317	10003318
10003317	10003371
10003318	10003320
10003318	10003321
10003318	10003323
10003318	10003324
10003318	10011147
10003318	10011148
10003318	10011149
10003318	10003319
10003325	10003326
10003325	10003327
10003325	10003328
10003325	10003329
10003325	10003330
10003331	10003333
10003331	10003336
10003331	10003337
10003331	10003271
10003338	10003342
10003338	10003343
10003338	10003344
10003338	10003345
10003338	10003346
10003338	10003339
10003338	10010403
10003338	10003340
10003338	10003341
10003347	10003353
10003347	10003354
10003347	10003355
10003347	10003356
10003347	10003357
10003347	10003348
10003347	10003349
10003347	10011712
10003347	10003350
10003347	10003352
10003351	10003443
10003351	10003444
10003351	10003445
10003351	10003269
10003351	10003446
10003351	10003218
10003359	10011699
10003359	10003360
10003359	10003361
10003359	10003362
10003359	10003363
10003365	10003366
10003365	10003367
10003365	10003368
10003365	10003369
10003365	10010850
10003365	10010851
10003365	10011700
10003365	10003370
10003371	10003386
10003371	10010852
10003371	10003381
10003381	10003382
10003381	10003383
10003381	10003384
10003381	10003385
10003386	10003387
10003386	10003388
10003386	10003389
10003386	10003390
10003400	10011142
10003400	10003410
10003400	10003401
10003400	10003402
10003400	10003403
10003400	10003405
10003400	10003406
10003400	10003407
10003400	10003408
10003400	10003409
10003434	10003435
10003434	10003436
10003434	10003437
10003434	10003438
10003434	10003439
10003450	10002974
10003450	10010830
10003450	10010831
10003450	10010828
10003450	10010829
10003451	10003189
10003451	10002975
10003451	10002976
10003456	10003457
10003456	10010927
10003456	10003462
10003457	10003521
10003457	10003567
10003457	10003458
10003457	10003527
10003457	10003490
10003457	10003580
10003458	10010921
10003458	10003460
10003458	10003461
10003462	10003463
10003462	10003574
10003462	10003487
10003462	10003477
10003462	10003544
10003462	10003588
10003462	10003602
10003462	10003480
10003462	10003561
10003463	10003464
10003463	10003465
10003463	10003466
10003463	10003467
10003463	10002996
10003463	10003469
10003463	10010646
10003463	10011746
10003463	10003470
10003463	10003471
10003463	10003472
10003463	10003473
10003480	10003486
10003480	10003481
10003480	10003482
10003480	10003483
10003480	10003484
10003487	10003488
10003487	10003489
10003490	10003498
10003490	10003511
10003490	10003512
10003490	10003503
10003490	10003514
10003490	10003507
10003490	10003491
10003491	10003496
10003491	10003497
10003491	10003492
10003491	10003493
10003491	10003494
10003491	10003495
10003498	10003499
10003498	10003500
10003498	10003502
10003503	10003505
10003503	10003506
10003507	10003510
10003507	10003508
10003507	10003509
10003517	10003518
10003517	10003519
10003517	10003176
10003518	10003109
10003518	10003174
10003518	10003175
10003520	10003180
10003520	10003181
10003520	10003182
10003520	10003184
10003520	10003185
10003520	10003186
10003521	10003522
10003521	10003523
10003521	10003524
10003521	10003525
10003521	10003526
10003527	10003540
10003527	10003530
10003527	10003541
10003527	10003531
10003527	10003542
10003527	10003538
10003527	10003528
10003527	10003539
10003527	10003529
10003531	10003751
10003531	10003532
10003531	10003533
10003531	10003534
10003531	10003535
10003531	10003536
10003531	10003537
10003533	10011595
10003544	10003545
10003544	10003589
10003544	10011698
10003544	10003548
10003544	10003549
10003544	10011709
10003550	10003551
10003550	10003552
10003550	10003596
10003550	10003553
10003550	10003554
10003550	10003555
10003550	10003556
10003550	10003557
10003561	10003562
10003561	10003563
10003561	10003486
10003561	10003566
10003561	10003560
10003563	10003564
10003563	10003565
10003567	10003573
10003567	10010990
10003567	10003568
10003567	10003569
10003567	10003570
10003567	10003571
10003567	10003572
10003574	10003475
10003574	10003575
10003574	10003578
10003574	10003000
10003580	10003584
10003580	10003585
10003580	10003543
10003580	10003587
10003580	10003568
10003580	10003581
10003580	10003583
10003588	10003589
10003588	10003592
10003599	10011621
10003602	10003603
10003602	10003604
10003602	10003605
10003602	10003606
10003602	10003607
10003602	10003608
10003608	10003609
10003613	10010928
10003613	10010929
10003624	10003633
10003624	10003625
10003625	10003630
10003625	10003631
10003625	10003632
10003625	10003626
10003625	10003627
10003625	10003628
10003625	10003629
10003633	10003640
10003633	10003641
10003633	10003642
10003633	10003643
10003633	10003644
10003633	10003634
10003633	10003645
10003633	10003646
10003633	10003647
10003633	10003637
10003633	10003638
10003633	10003639
10003633	10010917
10003633	10010918
10003635	10003644
10003635	10010036
10003635	10010037
10003635	10010038
10003636	10003810
10003636	10003811
10003636	10003812
10003636	10003813
10003636	10003814
10003636	10003815
10003636	10003808
10003648	10003662
10003648	10003688
10003648	10003700
10003648	10003702
10003648	10003703
10003648	10003704
10003648	10003649
10003648	10003670
10003648	10003671
10003649	10003650
10003649	10003651
10003649	10003652
10003649	10003653
10003649	10003654
10003649	10003655
10003649	10003656
10003649	10003657
10003657	10003661
10003657	10003658
10003657	10003659
10003662	10003663
10003662	10003664
10003662	10003665
10003662	10003666
10003662	10003667
10003662	10003669
10003667	10003668
10003670	10003683
10003670	10003673
10003670	10003684
10003670	10003674
10003670	10003675
10003670	10003676
10003670	10003687
10003670	10003677
10003670	10003682
10003677	10003678
10003677	10003679
10003677	10003680
10003677	10003681
10003684	10003685
10003684	10003686
10003688	10003694
10003688	10003695
10003688	10003696
10003688	10003697
10003688	10003698
10003688	10003699
10003688	10003689
10003688	10003690
10003688	10003691
10003688	10003693
10003691	10003692
10003700	10003701
10003705	10011686
10003705	10003707
10003705	10003708
10003712	10003713
10003714	10003740
10003714	10003732
10003714	10003736
10003714	10003715
10003714	10003716
10003714	10003727
10003714	10003738
10003714	10003739
10003715	10003750
10003715	10003720
10003715	10003721
10003715	10003722
10003715	10003724
10003715	10003725
10003715	10003726
10003715	10003748
10003715	10003749
10003715	10003717
10003715	10003718
10003715	10003719
10003716	10011141
10003716	10011136
10003716	10011138
10003720	10003747
10003727	10003730
10003727	10003731
10003727	10003728
10003727	10003729
10003732	10003733
10003732	10003734
10003732	10003735
10003736	10003737
10003741	10003742
10003741	10003732
10003741	10003746
10003742	10003743
10003742	10003744
10003742	10003745
10003752	10003753
10003752	10010124
10003752	10003766
10003752	10003777
10003752	10003809
10003752	10010070
10003752	10003790
10003752	10010061
10003753	10003760
10003753	10003761
10003753	10003754
10003753	10003765
10003753	10003757
10003753	10010622
10003753	10003758
10003753	10003759
10003754	10003733
10003754	10003755
10003754	10003756
10003758	10003784
10003758	10010624
10003758	10010625
10003758	10010626
10003761	10003762
10003761	10003763
10003761	10003764
10003766	10003771
10003766	10003772
10003766	10003773
10003766	10003776
10003766	10003767
10003766	10003770
10003767	10003768
10003767	10003769
10003773	10003774
10003773	10003775
10003777	10003782
10003777	10003783
10003777	10003784
10003777	10003785
10003777	10003786
10003777	10003787
10003777	10003788
10003777	10003778
10003777	10003789
10003777	10003779
10003777	10003780
10003777	10003781
10003790	10002990
10003790	10003793
10003790	10003794
10003790	10003795
10003790	10003796
10003790	10003797
10003790	10011740
10003790	10003798
10003790	10011741
10003790	10003799
10003790	10011742
10003790	10003800
10003790	10003801
10003790	10011119
10003790	10003806
10003790	10011192
10003790	10003792
10003809	10010052
10003809	10010031
10003809	10011254
10003809	10010055
10003809	10010047
10003809	10003635
10003809	10003636
10003809	10011778
10003809	10003716
10003809	10010170
10003809	10010172
10010031	10010032
10010031	10010033
10010031	10010034
10010031	10010035
10010031	10002975
10010047	10010048
10010047	10010049
10010047	10010050
10010047	10010051
10010048	10003808
10010052	10010053
10010052	10010054
10010055	10010056
10010055	10010057
10010055	10010058
10010055	10010059
10010055	10010060
10010061	10010063
10010061	10010064
10010061	10010065
10010061	10010066
10010061	10010067
10010061	10010068
10010061	10010069
10010061	10010062
10010070	10010099
10010070	10010111
10010070	10010071
10010071	10010261
10010071	10010074
10010071	10010085
10010071	10010075
10010071	10010076
10010071	10010286
10010071	10010077
10010071	10010078
10010071	10010079
10010071	10010289
10010071	10010316
10010071	10010082
10010071	10010072
10010071	10010083
10010071	10011194
10010071	10010073
10010071	10010084
10010075	10010295
10010075	10010296
10010087	10010096
10010087	10010086
10010087	10010097
10010087	10010098
10010087	10010088
10010087	10010089
10010087	10010934
10010087	10010090
10010087	10010091
10010087	10010092
10010093	10010934
10010099	10011253
10010099	10010110
10010099	10010100
10010099	10010101
10010099	10010102
10010099	10010103
10010099	10010104
10010099	10010105
10010099	10010106
10010099	10010107
10010099	10010108
10010099	10010109
10010099	10003292
10010111	10010112
10010111	10011685
10010111	10010113
10010111	10003623
10010111	10010114
10010111	10003217
10010111	10011710
10010111	10011711
10010111	10011733
10010111	10011734
10010111	10011735
10010111	10011736
10010124	10010131
10010124	10010125
10010124	10010138
10010125	10010130
10010125	10010126
10010125	10010127
10010125	10010128
10010125	10010129
10010131	10010132
10010131	10010133
10010131	10010134
10010131	10010135
10010131	10010136
10010131	10010137
10010138	10010140
10010138	10010141
10010138	10010142
10010138	10010143
10010138	10010144
10010138	10010145
10010138	10010139
10010138	10011119
10010146	10002956
10010146	10010818
10010147	10010371
10010147	10010341
10010147	10010178
10010147	10010257
10010147	10010169
10010147	10010148
10010147	10011777
10010147	10010919
10010148	10010162
10010148	10010164
10010148	10010149
10010149	10010151
10010149	10010152
10010149	10010153
10010149	10010154
10010149	10010155
10010149	10010156
10010149	10010157
10010149	10010158
10010149	10010159
10010149	10003628
10010149	10010160
10010149	10010150
10010149	10010161
10010162	10010163
10010164	10010165
10010164	10010166
10010164	10010167
10010164	10010168
10010169	10010175
10010169	10010170
10010170	10010173
10010170	10010174
10010170	10003824
10010170	10003817
10010170	10010171
10010172	10003824
10010172	10003817
10010178	10010187
10010178	10010199
10010178	10010179
10010178	10010213
10010178	10010224
10010178	10010205
10010178	10010216
10010178	10010219
10010179	10010184
10010179	10010185
10010179	10010186
10010179	10010180
10010179	10010181
10010179	10010182
10010179	10010183
10010179	10003352
10010187	10010195
10010187	10010196
10010187	10010197
10010187	10010198
10010187	10010188
10010187	10003797
10010187	10010189
10010187	10010190
10010187	10010191
10010187	10010192
10010187	10010193
10010187	10010194
10010199	10010200
10010199	10010201
10010199	10010202
10010199	10010203
10010199	10010204
10010205	10010210
10010205	10010211
10010205	10010212
10010205	10010206
10010205	10010207
10010205	10010208
10010205	10010209
10010213	10010214
10010213	10010204
10010213	10010215
10010216	10010217
10010216	10010218
10010219	10010220
10010219	10010221
10010219	10010222
10010219	10010223
10010224	10010240
10010224	10010245
10010224	10010225
10010224	10010226
10010225	10011295
10010225	10010230
10010225	10010231
10010225	10010232
10010225	10010233
10010225	10003479
10010225	10010227
10010225	10010228
10010226	10010234
10010226	10010256
10010226	10010235
10010226	10010236
10010226	10010237
10010226	10010238
10010226	10010239
10010240	10010241
10010240	10010242
10010240	10010243
10010240	10010244
10010245	10010250
10010245	10010251
10010245	10010252
10010245	10010253
10010245	10010254
10010245	10010255
10010245	10010246
10010245	10010247
10010245	10010248
10010245	10010249
10010257	10010321
10010257	10010258
10010257	10010339
10010257	10010282
10010257	10010293
10010258	10010261
10010258	10010262
10010258	10010259
10010258	10010260
10010259	10003343
10010259	10010263
10010259	10010264
10010259	10003268
10010259	10010265
10010259	10010266
10010260	10003697
10010260	10010267
10010260	10010268
10010260	10010269
10010260	10010229
10010260	10010270
10010260	10010271
10010261	10010272
10010261	10010273
10010261	10010274
10010261	10010275
10010261	10010276
10010262	10010277
10010262	10010278
10010262	10010279
10010282	10010283
10010282	10010284
10010282	10011304
10010282	10011305
10010282	10010290
10010282	10010291
10010282	10010292
10010293	10010294
10010293	10010075
10010293	10010297
10010293	10010300
10010293	10010314
10010293	10010315
10010293	10010316
10010293	10010317
10010293	10010307
10010293	10010318
10010293	10010319
10010293	10010309
10010293	10003660
10010297	10010298
10010297	10010299
10010300	10010301
10010300	10010302
10010300	10010303
10010300	10010304
10010300	10010305
10010300	10010306
10010307	10010308
10010309	10011671
10010309	10010310
10010309	10010311
10010309	10010312
10010309	10010313
10010319	10010320
10010321	10010333
10010321	10010335
10010321	10010336
10010321	10010337
10010321	10010327
10010327	10010330
10010327	10010331
10010327	10010332
10010327	10010328
10010327	10010329
10010333	10010076
10010333	10010334
10010341	10010342
10010341	10010366
10010341	10010346
10010341	10010349
10010341	10010370
10010342	10010343
10010342	10010344
10010342	10010345
10010346	10010347
10010346	10010348
10010349	10010360
10010349	10010350
10010349	10010361
10010349	10010351
10010349	10010362
10010349	10010363
10010349	10011310
10010349	10010353
10010349	10010364
10010349	10010354
10010349	10010365
10010349	10010355
10010349	10010345
10010349	10010356
10010349	10010357
10010349	10010358
10010349	10010359
10010352	10010378
10010352	10010379
10010352	10010238
10010352	10010380
10010352	10010381
10010366	10010367
10010366	10010368
10010366	10010369
10010371	10010382
10010371	10010372
10010371	10010395
10010371	10010352
10010371	10010396
10010371	10010387
10010372	10010373
10010372	10010374
10010372	10010375
10010372	10010376
10010372	10010377
10010382	10010383
10010382	10010384
10010382	10010385
10010382	10010386
10010382	10010236
10010387	10010393
10010387	10010394
10010387	10010389
10010387	10010866
10010387	10010391
10010387	10010392
10010396	10010397
10010396	10010398
10010396	10010399
10010396	10010400
10010396	10010401
10010396	10010402
10010405	10010481
10010405	10010462
10010405	10010497
10010405	10010432
10010405	10010476
10010405	10010444
10010405	10010455
10010405	10010489
10010405	10010469
10010405	10010406
10010405	10003550
10010406	10010430
10010406	10010431
10010406	10010421
10010406	10011731
10010406	10010422
10010406	10003228
10010406	10010412
10010406	10010423
10010406	10010424
10010406	10010425
10010406	10010426
10010406	10010427
10010406	10010417
10010406	10010428
10010406	10010429
10010412	10010413
10010412	10011712
10010412	10010414
10010412	10010415
10010412	10010416
10010417	10010420
10010417	10010418
10010417	10010419
10010432	10010441
10010432	10010442
10010432	10010443
10010432	10010433
10010432	10010434
10010432	10010435
10010432	10010436
10010432	10010437
10010432	10010988
10010432	10010439
10010433	10010989
10010437	10010438
10010439	10010440
10010443	10010989
10010444	10010450
10010444	10010087
10010444	10010452
10010444	10010446
10010444	10010447
10010444	10010449
10010444	10010935
10010444	10010093
10010444	10010095
10010451	10010097
10010455	10010460
10010455	10010461
10010455	10010456
10010455	10010458
10010455	10010459
10010456	10010457
10010462	10010463
10010462	10010464
10010462	10010465
10010462	10010466
10010462	10010467
10010462	10010468
10010469	10010470
10010469	10010471
10010469	10010472
10010469	10010473
10010469	10010474
10010469	10010475
10010472	10010440
10010476	10011187
10010476	10010477
10010476	10010478
10010476	10010479
10010476	10010936
10010476	10003392
10010476	10010480
10010478	10003600
10010481	10010482
10010481	10010483
10010481	10010484
10010481	10010485
10010481	10010487
10010481	10010488
10010481	10003558
10010482	10010486
10010482	10003259
10010489	10010492
10010489	10010493
10010489	10010494
10010489	10010495
10010489	10010496
10010489	10003392
10010489	10010490
10010489	10010491
10010497	10010498
10010497	10010510
10010497	10010500
10010497	10010504
10010500	10010501
10010500	10010502
10010500	10010503
10010504	10010505
10010504	10010506
10010504	10010507
10010504	10010508
10010504	10010509
10010510	10010512
10010510	10011689
10010510	10010513
10010510	10010920
10010510	10010514
10010510	10010515
10010510	10010516
10010512	10003310
10010512	10011143
10010520	10010570
10010520	10010553
10010520	10010575
10010520	10010521
10010521	10010542
10010521	10010522
10010521	10010537
10010521	10010528
10010522	10010523
10010522	10010524
10010522	10010525
10010522	10010526
10010522	10010527
10010528	10010530
10010528	10010531
10010528	10010532
10010528	10010533
10010528	10010534
10010528	10010535
10010528	10010536
10010528	10010529
10010537	10003100
10010537	10010540
10010537	10010541
10010537	10010538
10010537	10010539
10010542	10010294
10010542	10010550
10010542	10010551
10010542	10010543
10010542	10010544
10010542	10010545
10010542	10010546
10010542	10011713
10010542	10011714
10010542	10010548
10010542	10010549
10010553	10010560
10010553	10010562
10010553	10003238
10010553	10010554
10010553	10010559
10010554	10010555
10010554	10010556
10010554	10010557
10010554	10010558
10010562	10010561
10010562	10010563
10010562	10010564
10010570	10010571
10010570	10010572
10010570	10010573
10010570	10010574
10010575	10010580
10010575	10010581
10010575	10011743
10010575	10010577
10010575	10010578
10010575	10010755
10010575	10010579
10010582	10011668
10010583	10010682
10010583	10010584
10010583	10010750
10010583	10010662
10010583	10010786
10010583	10010588
10010583	10010600
10010583	10010633
10010583	10010737
10010583	10010717
10010584	10010585
10010584	10010587
10010586	10010680
10010586	10010681
10010586	10010678
10010586	10010679
10010588	10010591
10010588	10011670
10010588	10010592
10010588	10010593
10010588	10010594
10010588	10010595
10010588	10003247
10010588	10010596
10010588	10010597
10010588	10010598
10010588	10011667
10010588	10011669
10010588	10010559
10010588	10011715
10010588	10010590
10010598	10011752
10010598	10011666
10010600	10010601
10010600	10010612
10010600	10010602
10010600	10010615
10010600	10010628
10010600	10010607
10010602	10010603
10010602	10010604
10010602	10010605
10010602	10010606
10010607	10010610
10010607	10010611
10010607	10010608
10010607	10010609
10010612	10010613
10010612	10010614
10010615	10010620
10010615	10010621
10010615	10010616
10010615	10010617
10010615	10010618
10010615	10010619
10010628	10010630
10010628	10010631
10010628	10010632
10010628	10011716
10010628	10010629
10010633	10010650
10010633	10010640
10010633	10010651
10010633	10010652
10010633	10010653
10010633	10010654
10010633	10010655
10010633	10010601
10010633	10010634
10010633	10010645
10010633	10010656
10010633	10010659
10010633	10010649
10010634	10010635
10010634	10010636
10010634	10010637
10010634	10010638
10010634	10011717
10010634	10010639
10010640	10010641
10010640	10010642
10010640	10010643
10010645	10010560
10010645	10003107
10010645	10010648
10010645	10011718
10010656	10010660
10010656	10010661
10010656	10010657
10010656	10010658
10010662	10010673
10010662	10010663
10010662	10010674
10010662	10010586
10010662	10010668
10010663	10010664
10010663	10010665
10010663	10010666
10010663	10010667
10010668	10010670
10010668	10010671
10010668	10010672
10010668	10010669
10010674	10011720
10010674	10011721
10010674	10011722
10010674	10011723
10010674	10011724
10010674	10011719
10010682	10010690
10010682	10010684
10010682	10010696
10010682	10010697
10010682	10010689
10010682	10010712
10010682	10010705
10010684	10010685
10010684	10010686
10010684	10010687
10010684	10011677
10010690	10010691
10010690	10010692
10010690	10010693
10010690	10010694
10010690	10010695
10010697	10010698
10010697	10010699
10010697	10010700
10010697	10010701
10010697	10010702
10010697	10010703
10010697	10010704
10010705	10010710
10010705	10010711
10010705	10010706
10010705	10010707
10010705	10010708
10010705	10010709
10010712	10010713
10010712	10010714
10010712	10010715
10010717	10010721
10010717	10010733
10010717	10010728
10010721	10010722
10010721	10010723
10010721	10010724
10010721	10010725
10010721	10010726
10010721	10010727
10010721	10010914
10010721	10003791
10010728	10010730
10010728	10010731
10010728	10010732
10010728	10010729
10010733	10010734
10010733	10010735
10010733	10010736
10010737	10010740
10010737	10010744
10010737	10010745
10010737	10010746
10010737	10010747
10010737	10010748
10010737	10010738
10010737	10010749
10010737	10010739
10010744	10010741
10010744	10010742
10010744	10010743
10010750	10010751
10010750	10010762
10010750	10010758
10010750	10010769
10010751	10010752
10010751	10010753
10010751	10010754
10010751	10010755
10010751	10010756
10010751	10010757
10010758	10010760
10010758	10010761
10010758	10010759
10010762	10010763
10010762	10010764
10010762	10010765
10010762	10010766
10010762	10010767
10010762	10010768
10010777	10011702
10010777	10010779
10010786	10010792
10010786	10010787
10010786	10010799
10010786	10010810
10010786	10010811
10010786	10010812
10010786	10010813
10010786	10010805
10010786	10010817
10010786	10010808
10010786	10010809
10010787	10010790
10010787	10010791
10010787	10010788
10010787	10010789
10010792	10010794
10010792	10010798
10010799	10010800
10010799	10010801
10010799	10010802
10010799	10010803
10010799	10010804
10010805	10010806
10010805	10010807
10010813	10011726
10010813	10010815
10010813	10011729
10010813	10010816
10010820	10010120
10010820	10003623
10010820	10003208
10010820	10010821
10010820	10002958
10010820	10010518
10010820	10010915
10010822	10010823
10010824	10003312
10010824	10003313
10010825	10010827
10010832	10010833
10010832	10010834
10010832	10010835
10010852	10010853
10010852	10003393
10010852	10003394
10010860	10011121
10010860	10011694
10010860	10010883
10010860	10010877
10010860	10010911
10010860	10010858
10010860	10010859
10010919	10010177
10010919	10010172
10010927	10003611
10010927	10003612
10010927	10003613
10010927	10003614
10010927	10010930
10010927	10003616
10010927	10003618
10010927	10003619
10010930	10010931
10010930	10010932
10010930	10010933
10010935	10010451
10010935	10010454
10010935	10010094
10010936	10010938
10010936	10003590
10010940	10010992
10010940	10011003
10010940	10010971
10010940	10010941
10010941	10003552
10010941	10010942
10010941	10010969
10010941	10010949
10010942	10010943
10010942	10010944
10010942	10010948
10010944	10010945
10010944	10010946
10010944	10010947
10010949	10003512
10010949	10010950
10010949	10010965
10010949	10010957
10010950	10010951
10010950	10010952
10010950	10010953
10010950	10010954
10010950	10010955
10010950	10010956
10010957	10010960
10010957	10010962
10010957	10010963
10010957	10010688
10010957	10011678
10010957	10010964
10010957	10010834
10010957	10010958
10010957	10010959
10010965	10010966
10010965	10010967
10010965	10010968
10010969	10010970
10010969	10011744
10010971	10011120
10010971	10011682
10010971	10010980
10010971	10010991
10010971	10010564
10010971	10010972
10010971	10011679
10010972	10011681
10010972	10010540
10010972	10010973
10010972	10011116
10010972	10010974
10010972	10010545
10010972	10011117
10010972	10010975
10010972	10010976
10010972	10010978
10010972	10010979
10010972	10010539
10010980	10010981
10010980	10010982
10010980	10010983
10010980	10010984
10010980	10010985
10010980	10010986
10010988	10011581
10010992	10010993
10010992	10010998
10010993	10011683
10010993	10010961
10010993	10010994
10010993	10010995
10010993	10010996
10010993	10010997
10010998	10011000
10010998	10011001
10010998	10010999
10010998	10003791
10011003	10011002
10011003	10011114
10011003	10011004
10011003	10011687
10011003	10011005
10011003	10010117
10011005	10011101
10011006	10011066
10011006	10011039
10011006	10011008
10011006	10011060
10011006	10011071
10011006	10011050
10011006	10011072
10011006	10011073
10011006	10011041
10011007	10011006
10011007	10010940
10011007	10011074
10011008	10011024
10011008	10011009
10011009	10011020
10011009	10011010
10011009	10011021
10011009	10011011
10011009	10010175
10011009	10011022
10011009	10011012
10011009	10010177
10011009	10011014
10011009	10011015
10011009	10011016
10011009	10011019
10011024	10011031
10011024	10011032
10011024	10011033
10011024	10011034
10011024	10003202
10011024	10011035
10011024	10011025
10011024	10011036
10011024	10011026
10011024	10011037
10011024	10011027
10011024	10011038
10011024	10011028
10011024	10011029
10011039	10011311
10011039	10011040
10011041	10011042
10011041	10011043
10011041	10011044
10011041	10011045
10011041	10011046
10011041	10011047
10011041	10011048
10011041	10011049
10011041	10011688
10011041	10010943
10011050	10011053
10011050	10011054
10011050	10011055
10011050	10011023
10011050	10011056
10011050	10011057
10011050	10011058
10011050	10011059
10011050	10011017
10011050	10010512
10011050	10010517
10011050	10011051
10011050	10011052
10011060	10011064
10011060	10011065
10011060	10011018
10011060	10011061
10011060	10011062
10011060	10011690
10011060	10011063
10011066	10011067
10011066	10011068
10011066	10011069
10011066	10011070
10011074	10011075
10011074	10011099
10011074	10011111
10011074	10011134
10011074	10011081
10011074	10011092
10011075	10011076
10011075	10011077
10011075	10011078
10011075	10011079
10011079	10011080
10011081	10011091
10011081	10011082
10011082	10011086
10011082	10011087
10011082	10011088
10011082	10010878
10011082	10011083
10011082	10011084
10011082	10011085
10011092	10011691
10011092	10010876
10011092	10011093
10011092	10011094
10011092	10011096
10011096	10011097
10011099	10011692
10011099	10011693
10011099	10011100
10011099	10011102
10011099	10011104
10011099	10011105
10011099	10010876
10011102	10011103
10011105	10011110
10011105	10011106
10011105	10011107
10011105	10011108
10011105	10011109
10011111	10003465
10011111	10011695
10011111	10011112
10011111	10011696
10011111	10011113
10011111	10011697
10011111	10010913
10011120	10011680
10011120	10003100
10011120	10010541
10011120	10010538
10011122	10003459
10011122	10002945
10011122	10002946
10011122	10002947
10011122	10002948
10011122	10002949
10011123	10011130
10011123	10011131
10011123	10011133
10011123	10011673
10011123	10011674
10011123	10011124
10011123	10011675
10011123	10011676
10011123	10010577
10011123	10010912
10011123	10010916
10011134	10011135
10011134	10003559
10011136	10011137
10011138	10010041
10011138	10010042
10011138	10010043
10011138	10010044
10011138	10010046
10011138	10011139
10011138	10011140
10011141	10010045
10011141	10010040
10011152	10011240
10011152	10011174
10011152	10011185
10011152	10011196
10011152	10011461
10011152	10011230
10011152	10011252
10011152	10011153
10011152	10011164
10011152	10011186
10011152	10011197
10011152	10011561
10011152	10011231
10011152	10011242
10011152	10011154
10011152	10011165
10011152	10011176
10011152	10011198
10011152	10011562
10011152	10011221
10011152	10011342
10011152	10011232
10011152	10011243
10011152	10011155
10011152	10011166
10011152	10011199
10011152	10011200
10011152	10011211
10011152	10011233
10011152	10011244
10011152	10011156
10011152	10011167
10011152	10011201
10011152	10011212
10011152	10011223
10011152	10011245
10011152	10011168
10011152	10011202
10011152	10011213
10011152	10011224
10011152	10011587
10011152	10011235
10011152	10011158
10011152	10011169
10011152	10011203
10011152	10011566
10011152	10011214
10011152	10011346
10011152	10011467
10011152	10011236
10011152	10011247
10011152	10011159
10011152	10011204
10011152	10011215
10011152	10011226
10011152	10011237
10011152	10011248
10011152	10011205
10011152	10011216
10011152	10011227
10011152	10011348
10011152	10011238
10011152	10011249
10011152	10011503
10011152	10011206
10011152	10011217
10011152	10011228
10011152	10011239
10011152	10011504
10011152	10011207
10011152	10011229
10011152	10011505
10011152	10011208
10011152	10011209
10011152	10011507
10011152	10011170
10011152	10011181
10011152	10011160
10011152	10011171
10011152	10011182
10011152	10011193
10011152	10011161
10011152	10011172
10011152	10011183
10011152	10011250
10011152	10011162
10011152	10011195
10011160	10011556
10011177	10011570
10011177	10011262
10011177	10011273
10011177	10011284
10011177	10011571
10011177	10011373
10011177	10011263
10011177	10011274
10011177	10011285
10011177	10011296
10011177	10011330
10011177	10011220
10011177	10011341
10011177	10011264
10011177	10011275
10011177	10011286
10011177	10011297
10011177	10011320
10011177	10011265
10011177	10011276
10011177	10011287
10011177	10011298
10011177	10011321
10011177	10011332
10011177	10011222
10011177	10011343
10011177	10011266
10011177	10011277
10011177	10011288
10011177	10011178
10011177	10011299
10011177	10011300
10011177	10011322
10011177	10011333
10011177	10011344
10011177	10011267
10011177	10011278
10011177	10011289
10011177	10011179
10011177	10011301
10011177	10011312
10011177	10011323
10011177	10011279
10011177	10011302
10011177	10011313
10011177	10011324
10011177	10011335
10011177	10011269
10011177	10011303
10011177	10011314
10011177	10011336
10011177	10011337
10011177	10011316
10011177	10011327
10011177	10011569
10011177	10011338
10011177	10011349
10011177	10011306
10011177	10011317
10011177	10011328
10011177	10011339
10011177	10011318
10011177	10011506
10011177	10011308
10011177	10011319
10011177	10011309
10011177	10011290
10011177	10011280
10011177	10011291
10011177	10011270
10011177	10011281
10011177	10011292
10011177	10011260
10011177	10011271
10011177	10011282
10011177	10011293
10011177	10011261
10011177	10011272
10011177	10011283
10011177	10011294
10011177	10011184
10011187	10011188
10011187	10011189
10011187	10011190
10011187	10011191
10011204	10011557
10011208	10011325
10011208	10011347
10011218	10011340
10011249	10011307
10011254	10011255
10011254	10011256
10011254	10011257
10011254	10011258
10011254	10011259
10011328	10011329
10011337	10011218
10011344	10011345
10011350	10011361
10011350	10011394
10011350	10011351
10011350	10011384
10011350	10011395
10011350	10011440
10011350	10011352
10011350	10011363
10011350	10011385
10011350	10011396
10011350	10011430
10011350	10011441
10011350	10011353
10011350	10011364
10011350	10011386
10011350	10011397
10011350	10011420
10011350	10011431
10011350	10011442
10011350	10011354
10011350	10011376
10011350	10011387
10011350	10011398
10011350	10011410
10011350	10011421
10011350	10011432
10011350	10011443
10011350	10011355
10011350	10011377
10011350	10011388
10011350	10011400
10011350	10011411
10011350	10011422
10011350	10011433
10011350	10011444
10011350	10011367
10011350	10011378
10011350	10011389
10011350	10011401
10011350	10011412
10011350	10011423
10011350	10011434
10011350	10011357
10011350	10011402
10011350	10011413
10011350	10011424
10011350	10011435
10011350	10011446
10011350	10011358
10011350	10011369
10011350	10011403
10011350	10011414
10011350	10011425
10011350	10011436
10011350	10011447
10011350	10011404
10011350	10011415
10011350	10011426
10011350	10011437
10011350	10011448
10011350	10011405
10011350	10011416
10011350	10011427
10011350	10011438
10011350	10011406
10011350	10011417
10011350	10011428
10011350	10011439
10011350	10011407
10011350	10011418
10011350	10011429
10011350	10011408
10011350	10011419
10011350	10011409
10011350	10011390
10011350	10011380
10011350	10011391
10011350	10011370
10011350	10011381
10011350	10011392
10011350	10011371
10011350	10011382
10011350	10011393
10011445	10011460
10011445	10011471
10011445	10011592
10011445	10011482
10011445	10011493
10011445	10011560
10011445	10011450
10011445	10011582
10011445	10011472
10011445	10011593
10011445	10011483
10011445	10011494
10011445	10011550
10011445	10011451
10011445	10011572
10011445	10011462
10011445	10011583
10011445	10011473
10011445	10011594
10011445	10011484
10011445	10011495
10011445	10011540
10011445	10011551
10011445	10011452
10011445	10011573
10011445	10011463
10011445	10011584
10011445	10011474
10011445	10011485
10011445	10011496
10011445	10011530
10011445	10011541
10011445	10011552
10011445	10011563
10011445	10011453
10011445	10011574
10011445	10011464
10011445	10011585
10011445	10011475
10011445	10011486
10011445	10011497
10011445	10011520
10011445	10011531
10011445	10011542
10011445	10011553
10011445	10011564
10011445	10011454
10011445	10011575
10011445	10011465
10011445	10011586
10011445	10011476
10011445	10011597
10011445	10011487
10011445	10011498
10011445	10011510
10011445	10011521
10011445	10011532
10011445	10011543
10011445	10011554
10011445	10011565
10011445	10011455
10011445	10011576
10011445	10011466
10011445	10011477
10011445	10011488
10011445	10011499
10011445	10011500
10011445	10011511
10011445	10011522
10011445	10011533
10011445	10011555
10011445	10011456
10011445	10011577
10011445	10011588
10011445	10011478
10011445	10011489
10011445	10011501
10011445	10011512
10011445	10011523
10011445	10011534
10011445	10011545
10011445	10011567
10011445	10011457
10011445	10011468
10011445	10011589
10011445	10011479
10011445	10011502
10011445	10011513
10011445	10011524
10011445	10011535
10011445	10011546
10011445	10011568
10011445	10011458
10011445	10011579
10011445	10011469
10011445	10011514
10011445	10011525
10011445	10011536
10011445	10011547
10011445	10011558
10011445	10011459
10011445	10011515
10011445	10011526
10011445	10011537
10011445	10011548
10011445	10011449
10011445	10011516
10011445	10011527
10011445	10011538
10011445	10011549
10011445	10011737
10011445	10011517
10011445	10011528
10011445	10011539
10011445	10011518
10011445	10011529
10011445	10011508
10011445	10011519
10011445	10011509
10011445	10011490
10011445	10011590
10011445	10011480
10011445	10011491
10011445	10011470
10011445	10011591
10011445	10011481
10011445	10011492
10011634	10011633
10011634	10011635
10011641	10011350
10011641	10011152
10011641	10011177
10011641	10011445
10011643	10011650
10011643	10011651
10011643	10011644
10011643	10011645
10011643	10011646
10011643	10011647
10011647	10011648
10011647	10011649
10011650	10011663
10011726	10011727
10011726	10011728
10011731	10010411
10011731	10011732
10011738	10011772
10011738	10011773
10011738	10011774
10011738	10011775
10011738	10011776
10011760	10011707
10011777	10011014
10011777	10011778
